   4.1999979e+01
   4.1995987e+01
   4.1993818e+01
   4.1992686e+01
   4.1992258e+01
   4.1992407e+01
   4.1993053e+01
   4.1994089e+01
   4.1995401e+01
   4.1996884e+01
   4.1998442e+01
   4.1999991e+01
   4.2001457e+01
   4.2002777e+01
   4.2003898e+01
   4.2004775e+01
   4.2005370e+01
   4.2005650e+01
   4.2005589e+01
   4.2005165e+01
   4.2004360e+01
   4.2003161e+01
   4.2001557e+01
   4.1999538e+01
   4.1997099e+01
   4.1994236e+01
   4.1990946e+01
   4.1987229e+01
   4.1983084e+01
   4.1978513e+01
   4.1973519e+01
   4.1968105e+01
   4.1962274e+01
   4.1956031e+01
   4.1949381e+01
   4.1942328e+01
   4.1934880e+01
   4.1927041e+01
   4.1918818e+01
   4.1910217e+01
   4.1901245e+01
   4.1891908e+01
   4.1882213e+01
   4.1872167e+01
   4.1861776e+01
   4.1851049e+01
   4.1839991e+01
   4.1828609e+01
   4.1816911e+01
   4.1804903e+01
   4.1792592e+01
   4.1779986e+01
   4.1767090e+01
   4.1753912e+01
   4.1740458e+01
   4.1726735e+01
   4.1712750e+01
   4.1698509e+01
   4.1684020e+01
   4.1669287e+01
   4.1654318e+01
   4.1639120e+01
   4.1623697e+01
   4.1608057e+01
   4.1592206e+01
   4.1576150e+01
   4.1559894e+01
   4.1543446e+01
   4.1526809e+01
   4.1509992e+01
   4.1492998e+01
   4.1475834e+01
   4.1458506e+01
   4.1441019e+01
   4.1423379e+01
   4.1405591e+01
   4.1387660e+01
   4.1369593e+01
   4.1351394e+01
   4.1333069e+01
   4.1314622e+01
   4.1296060e+01
   4.1277386e+01
   4.1258607e+01
   4.1239727e+01
   4.1220750e+01
   4.1201683e+01
   4.1182529e+01
   4.1163294e+01
   4.1143982e+01
   4.1124598e+01
   4.1105146e+01
   4.1085631e+01
   4.1066057e+01
   4.1046429e+01
   4.1026751e+01
   4.1007027e+01
   4.0987262e+01
   4.0967461e+01
   4.0947626e+01
   4.0927764e+01
   4.0907877e+01
   4.0887971e+01
   4.0868049e+01
   4.0848115e+01
   4.0828174e+01
   4.0808229e+01
   4.0788284e+01
   4.0768344e+01
   4.0748412e+01
   4.0728491e+01
   4.0708586e+01
   4.0688701e+01
   4.0668838e+01
   4.0649001e+01
   4.0629195e+01
   4.0609423e+01
   4.0589687e+01
   4.0569993e+01
   4.0550343e+01
   4.0530742e+01
   4.0511191e+01
   4.0491695e+01
   4.0472256e+01
   4.0452879e+01
   4.0433567e+01
   4.0414322e+01
   4.0395147e+01
   4.0376047e+01
   4.0357024e+01
   4.0338081e+01
   4.0319221e+01
   4.0300447e+01
   4.0281762e+01
   4.0263170e+01
   4.0244672e+01
   4.0226271e+01
   4.0207971e+01
   4.0189774e+01
   4.0171683e+01
   4.0153700e+01
   4.0135828e+01
   4.0118069e+01
   4.0100428e+01
   4.0082905e+01
   4.0065504e+01
   4.0048227e+01
   4.0031076e+01
   4.0014055e+01
   3.9997165e+01
   3.9980410e+01
   3.9963790e+01
   3.9947310e+01
   3.9930970e+01
   3.9914774e+01
   3.9898723e+01
   3.9882820e+01
   3.9867067e+01
   3.9851467e+01
   3.9836020e+01
   3.9820730e+01
   3.9805599e+01
   3.9790628e+01
   3.9775820e+01
   3.9761176e+01
   3.9746698e+01
   3.9732389e+01
   3.9718250e+01
   3.9704282e+01
   3.9690489e+01
   3.9676871e+01
   3.9663431e+01
   3.9650169e+01
   3.9637089e+01
   3.9624191e+01
   3.9611476e+01
   3.9598947e+01
   3.9586606e+01
   3.9574453e+01
   3.9562490e+01
   3.9550719e+01
   3.9539141e+01
   3.9527757e+01
   3.9516569e+01
   3.9505579e+01
   3.9494787e+01
   3.9484195e+01
   3.9473804e+01
   3.9463615e+01
   3.9453629e+01
   3.9443849e+01
   3.9434274e+01
   3.9424906e+01
   3.9415745e+01
   3.9406794e+01
   3.9398053e+01
   3.9389523e+01
   3.9381204e+01
   3.9373099e+01
   3.9365207e+01
   3.9357530e+01
   3.9350068e+01
   3.9342823e+01
   3.9335794e+01
   3.9328984e+01
   3.9322391e+01
   3.9316018e+01
   3.9309865e+01
   3.9303932e+01
   3.9298220e+01
   3.9292730e+01
   3.9287462e+01
   3.9282416e+01
   3.9277594e+01
   3.9272995e+01
   3.9268620e+01
   3.9264470e+01
   3.9260544e+01
   3.9256844e+01
   3.9253368e+01
   3.9250119e+01
   3.9247095e+01
   3.9244298e+01
   3.9241727e+01
   3.9239383e+01
   3.9237265e+01
   3.9235374e+01
   3.9233710e+01
   3.9232273e+01
   3.9231063e+01
   3.9230080e+01
   3.9229324e+01
   3.9228794e+01
   3.9228492e+01
   3.9228417e+01
   3.9228568e+01
   3.9228947e+01
   3.9229551e+01
   3.9230382e+01
   3.9231438e+01
   3.9232721e+01
   3.9234229e+01
   3.9235962e+01
   3.9237920e+01
   3.9240103e+01
   3.9242509e+01
   3.9245140e+01
   3.9247993e+01
   3.9251070e+01
   3.9254369e+01
   3.9257889e+01
   3.9261632e+01
   3.9265595e+01
   3.9269778e+01
   3.9274181e+01
   3.9278803e+01
   3.9283643e+01
   3.9288701e+01
   3.9293976e+01
   3.9299467e+01
   3.9305174e+01
   3.9311096e+01
   3.9317231e+01
   3.9323579e+01
   3.9330140e+01
   3.9336912e+01
   3.9343895e+01
   3.9351087e+01
   3.9358488e+01
   3.9366097e+01
   3.9373912e+01
   3.9381934e+01
   3.9390160e+01
   3.9398590e+01
   3.9407222e+01
   3.9416056e+01
   3.9425091e+01
   3.9434325e+01
   3.9443758e+01
   3.9453388e+01
   3.9463214e+01
   3.9473235e+01
   3.9483449e+01
   3.9493856e+01
   3.9504453e+01
   3.9515241e+01
   3.9526217e+01
   3.9537381e+01
   3.9548730e+01
   3.9560264e+01
   3.9571981e+01
   3.9583881e+01
   3.9595960e+01
   3.9608219e+01
   3.9620656e+01
   3.9633268e+01
   3.9646056e+01
   3.9659016e+01
   3.9672149e+01
   3.9685451e+01
   3.9698923e+01
   3.9712561e+01
   3.9726365e+01
   3.9740333e+01
   3.9754464e+01
   3.9768755e+01
   3.9783206e+01
   3.9797814e+01
   3.9812578e+01
   3.9827497e+01
   3.9842568e+01
   3.9857791e+01
   3.9873163e+01
   3.9888683e+01
   3.9904348e+01
   3.9920159e+01
   3.9936112e+01
   3.9952206e+01
   3.9968440e+01
   3.9984810e+01
   4.0001317e+01
   4.0017957e+01
   4.0034730e+01
   4.0051633e+01
   4.0068664e+01
   4.0085822e+01
   4.0103105e+01
   4.0120511e+01
   4.0138038e+01
   4.0155685e+01
   4.0173450e+01
   4.0191330e+01
   4.0209324e+01
   4.0227431e+01
   4.0245648e+01
   4.0263973e+01
   4.0282404e+01
   4.0300941e+01
   4.0319579e+01
   4.0338319e+01
   4.0357157e+01
   4.0376092e+01
   4.0395122e+01
   4.0414245e+01
   4.0433459e+01
   4.0452763e+01
   4.0472153e+01
   4.0491628e+01
   4.0511187e+01
   4.0530827e+01
   4.0550547e+01
   4.0570344e+01
   4.0590216e+01
   4.0610163e+01
   4.0630180e+01
   4.0650268e+01
   4.0670423e+01
   4.0690645e+01
   4.0710930e+01
   4.0731277e+01
   4.0751685e+01
   4.0772151e+01
   4.0792674e+01
   4.0813251e+01
   4.0833881e+01
   4.0854562e+01
   4.0875292e+01
   4.0896068e+01
   4.0916889e+01
   4.0937753e+01
   4.0958658e+01
   4.0979602e+01
   4.1000583e+01
   4.1021599e+01
   4.1042647e+01
   4.1063727e+01
   4.1084835e+01
   4.1105971e+01
   4.1127131e+01
   4.1148314e+01
   4.1169519e+01
   4.1190743e+01
   4.1211984e+01
   4.1233240e+01
   4.1254510e+01
   4.1275791e+01
   4.1297082e+01
   4.1318381e+01
   4.1339686e+01
   4.1360995e+01
   4.1382306e+01
   4.1403617e+01
   4.1424926e+01
   4.1446232e+01
   4.1467533e+01
   4.1488826e+01
   4.1510110e+01
   4.1531384e+01
   4.1552644e+01
   4.1573890e+01
   4.1595120e+01
   4.1616332e+01
   4.1637525e+01
   4.1658696e+01
   4.1679845e+01
   4.1700970e+01
   4.1722069e+01
   4.1743141e+01
   4.1764184e+01
   4.1785195e+01
   4.1806174e+01
   4.1827118e+01
   4.1848025e+01
   4.1868894e+01
   4.1889723e+01
   4.1910510e+01
   4.1931253e+01
   4.1951952e+01
   4.1972603e+01
   4.1993206e+01
   4.2013759e+01
   4.2034260e+01
   4.2054708e+01
   4.2075101e+01
   4.2095437e+01
   4.2115714e+01
   4.2135932e+01
   4.2156089e+01
   4.2176182e+01
   4.2196211e+01
   4.2216174e+01
   4.2236069e+01
   4.2255895e+01
   4.2275651e+01
   4.2295334e+01
   4.2314944e+01
   4.2334480e+01
   4.2353938e+01
   4.2373319e+01
   4.2392621e+01
   4.2411842e+01
   4.2430981e+01
   4.2450037e+01
   4.2469007e+01
   4.2487892e+01
   4.2506690e+01
   4.2525398e+01
   4.2544017e+01
   4.2562545e+01
   4.2580979e+01
   4.2599320e+01
   4.2617566e+01
   4.2635715e+01
   4.2653766e+01
   4.2671718e+01
   4.2689569e+01
   4.2707319e+01
   4.2724966e+01
   4.2742509e+01
   4.2759947e+01
   4.2777278e+01
   4.2794502e+01
   4.2811617e+01
   4.2828622e+01
   4.2845516e+01
   4.2862298e+01
   4.2878967e+01
   4.2895521e+01
   4.2911960e+01
   4.2928283e+01
   4.2944488e+01
   4.2960575e+01
   4.2976542e+01
   4.2992389e+01
   4.3008115e+01
   4.3023718e+01
   4.3039198e+01
   4.3054554e+01
   4.3069785e+01
   4.3084890e+01
   4.3099868e+01
   4.3114718e+01
   4.3129440e+01
   4.3144032e+01
   4.3158494e+01
   4.3172825e+01
   4.3187024e+01
   4.3201091e+01
   4.3215023e+01
   4.3228822e+01
   4.3242485e+01
   4.3256013e+01
   4.3269404e+01
   4.3282658e+01
   4.3295773e+01
   4.3308751e+01
   4.3321588e+01
   4.3334286e+01
   4.3346844e+01
   4.3359260e+01
   4.3371534e+01
   4.3383666e+01
   4.3395655e+01
   4.3407500e+01
   4.3419202e+01
   4.3430759e+01
   4.3442170e+01
   4.3453437e+01
   4.3464557e+01
   4.3475530e+01
   4.3486357e+01
   4.3497036e+01
   4.3507566e+01
   4.3517948e+01
   4.3528182e+01
   4.3538265e+01
   4.3548199e+01
   4.3557983e+01
   4.3567616e+01
   4.3577098e+01
   4.3586429e+01
   4.3595608e+01
   4.3604634e+01
   4.3613509e+01
   4.3622231e+01
   4.3630799e+01
   4.3639215e+01
   4.3647477e+01
   4.3655585e+01
   4.3663539e+01
   4.3671339e+01
   4.3678985e+01
   4.3686476e+01
   4.3693811e+01
   4.3700992e+01
   4.3708018e+01
   4.3714888e+01
   4.3721603e+01
   4.3728162e+01
   4.3734566e+01
   4.3740814e+01
   4.3746905e+01
   4.3752841e+01
   4.3758620e+01
   4.3764243e+01
   4.3769711e+01
   4.3775021e+01
   4.3780176e+01
   4.3785174e+01
   4.3790016e+01
   4.3794702e+01
   4.3799231e+01
   4.3803605e+01
   4.3807822e+01
   4.3811883e+01
   4.3815788e+01
   4.3819536e+01
   4.3823130e+01
   4.3826567e+01
   4.3829849e+01
   4.3832975e+01
   4.3835945e+01
   4.3838761e+01
   4.3841422e+01
   4.3843927e+01
   4.3846278e+01
   4.3848475e+01
   4.3850517e+01
   4.3852406e+01
   4.3854140e+01
   4.3855721e+01
   4.3857148e+01
   4.3858423e+01
   4.3859545e+01
   4.3860514e+01
   4.3861331e+01
   4.3861996e+01
   4.3862510e+01
   4.3862872e+01
   4.3863083e+01
   4.3863144e+01
   4.3863054e+01
   4.3862815e+01
   4.3862426e+01
   4.3861888e+01
   4.3861201e+01
   4.3860366e+01
   4.3859383e+01
   4.3858253e+01
   4.3856975e+01
   4.3855551e+01
   4.3853981e+01
   4.3852265e+01
   4.3850403e+01
   4.3848397e+01
   4.3846247e+01
   4.3843953e+01
   4.3841516e+01
   4.3838936e+01
   4.3836213e+01
   4.3833349e+01
   4.3830344e+01
   4.3827198e+01
   4.3823911e+01
   4.3820486e+01
   4.3816921e+01
   4.3813218e+01
   4.3809377e+01
   4.3805399e+01
   4.3801285e+01
   4.3797034e+01
   4.3792648e+01
   4.3788128e+01
   4.3783474e+01
   4.3778686e+01
   4.3773765e+01
   4.3768713e+01
   4.3763529e+01
   4.3758215e+01
   4.3752771e+01
   4.3747197e+01
   4.3741496e+01
   4.3735666e+01
   4.3729709e+01
   4.3723626e+01
   4.3717417e+01
   4.3711083e+01
   4.3704625e+01
   4.3698043e+01
   4.3691339e+01
   4.3684513e+01
   4.3677565e+01
   4.3670497e+01
   4.3663310e+01
   4.3656003e+01
   4.3648579e+01
   4.3641037e+01
   4.3633379e+01
   4.3625605e+01
   4.3617717e+01
   4.3609715e+01
   4.3601600e+01
   4.3593372e+01
   4.3585034e+01
   4.3576585e+01
   4.3568026e+01
   4.3559359e+01
   4.3550584e+01
   4.3541702e+01
   4.3532715e+01
   4.3523622e+01
   4.3514426e+01
   4.3505126e+01
   4.3495724e+01
   4.3486221e+01
   4.3476617e+01
   4.3466914e+01
   4.3457112e+01
   4.3447212e+01
   4.3437216e+01
   4.3427123e+01
   4.3416936e+01
   4.3406655e+01
   4.3396281e+01
   4.3385815e+01
   4.3375258e+01
   4.3364611e+01
   4.3353876e+01
   4.3343053e+01
   4.3332143e+01
   4.3321147e+01
   4.3310066e+01
   4.3298902e+01
   4.3287655e+01
   4.3276327e+01
   4.3264917e+01
   4.3253429e+01
   4.3241861e+01
   4.3230217e+01
   4.3218496e+01
   4.3206700e+01
   4.3194830e+01
   4.3182886e+01
   4.3170871e+01
   4.3158785e+01
   4.3146628e+01
   4.3134403e+01
   4.3122109e+01
   4.3109749e+01
   4.3097323e+01
   4.3084832e+01
   4.3072277e+01
   4.3059660e+01
   4.3046981e+01
   4.3034243e+01
   4.3021445e+01
   4.3008589e+01
   4.2995676e+01
   4.2982708e+01
   4.2969685e+01
   4.2956608e+01
   4.2943480e+01
   4.2930300e+01
   4.2917071e+01
   4.2903792e+01
   4.2890466e+01
   4.2877093e+01
   4.2863675e+01
   4.2850212e+01
   4.2836706e+01
   4.2823159e+01
   4.2809570e+01
   4.2795942e+01
   4.2782275e+01
   4.2768571e+01
   4.2754831e+01
   4.2741056e+01
   4.2727247e+01
   4.2713405e+01
   4.2699531e+01
   4.2685627e+01
   4.2671694e+01
   4.2657733e+01
   4.2643744e+01
   4.2629730e+01
   4.2615691e+01
   4.2601628e+01
   4.2587544e+01
   4.2573438e+01
   4.2559312e+01
   4.2545167e+01
   4.2531004e+01
   4.2516825e+01
   4.2502630e+01
   4.2488422e+01
   4.2474200e+01
   4.2459966e+01
   4.2445722e+01
   4.2431468e+01
   4.2417206e+01
   4.2402936e+01
   4.2388661e+01
   4.2374380e+01
   4.2360096e+01
   4.2345809e+01
   4.2331521e+01
   4.2317232e+01
   4.2302944e+01
   4.2288659e+01
   4.2274376e+01
   4.2260098e+01
   4.2245825e+01
   4.2231558e+01
   4.2217299e+01
   4.2203049e+01
   4.2188808e+01
   4.2174578e+01
   4.2160361e+01
   4.2146156e+01
   4.2131966e+01
   4.2117791e+01
   4.2103633e+01
   4.2089492e+01
   4.2075371e+01
   4.2061269e+01
   4.2047189e+01
   4.2033131e+01
   4.2019096e+01
   4.2005085e+01
   4.1991100e+01
   4.1977141e+01
   4.1963210e+01
   4.1949308e+01
   4.1935435e+01
   4.1921594e+01
   4.1907784e+01
   4.1894007e+01
   4.1880264e+01
   4.1866556e+01
   4.1852884e+01
   4.1839250e+01
   4.1825654e+01
   4.1812097e+01
   4.1798581e+01
   4.1785106e+01
   4.1771674e+01
   4.1758285e+01
   4.1744942e+01
   4.1731644e+01
   4.1718393e+01
   4.1705190e+01
   4.1692036e+01
   4.1678931e+01
   4.1665878e+01
   4.1652876e+01
   4.1639927e+01
   4.1627032e+01
   4.1614191e+01
   4.1601406e+01
   4.1588678e+01
   4.1576008e+01
   4.1563396e+01
   4.1550843e+01
   4.1538351e+01
   4.1525921e+01
   4.1513552e+01
   4.1501248e+01
   4.1489007e+01
   4.1476832e+01
   4.1464723e+01
   4.1452680e+01
   4.1440706e+01
   4.1428801e+01
   4.1416965e+01
   4.1405200e+01
   4.1393506e+01
   4.1381885e+01
   4.1370337e+01
   4.1358862e+01
   4.1347463e+01
   4.1336139e+01
   4.1324891e+01
   4.1313720e+01
   4.1302627e+01
   4.1291613e+01
   4.1280679e+01
   4.1269824e+01
   4.1259051e+01
   4.1248360e+01
   4.1237751e+01
   4.1227225e+01
   4.1216784e+01
   4.1206428e+01
   4.1196158e+01
   4.1185974e+01
   4.1175877e+01
   4.1165868e+01
   4.1155947e+01
   4.1146116e+01
   4.1136375e+01
   4.1126724e+01
   4.1117165e+01
   4.1107698e+01
   4.1098324e+01
   4.1089043e+01
   4.1079856e+01
   4.1070763e+01
   4.1061766e+01
   4.1052865e+01
   4.1044060e+01
   4.1035352e+01
   4.1026742e+01
   4.1018231e+01
   4.1009818e+01
   4.1001504e+01
   4.0993290e+01
   4.0985177e+01
   4.0977165e+01
   4.0969254e+01
   4.0961445e+01
   4.0953739e+01
   4.0946135e+01
   4.0938635e+01
   4.0931238e+01
   4.0923946e+01
   4.0916759e+01
   4.0909677e+01
   4.0902700e+01
   4.0895829e+01
   4.0889065e+01
   4.0882407e+01
   4.0875857e+01
   4.0869413e+01
   4.0863078e+01
   4.0856851e+01
   4.0850732e+01
   4.0844722e+01
   4.0838822e+01
   4.0833030e+01
   4.0827349e+01
   4.0821778e+01
   4.0816317e+01
   4.0810967e+01
   4.0805728e+01
   4.0800600e+01
   4.0795583e+01
   4.0790679e+01
   4.0785886e+01
   4.0781205e+01
   4.0776636e+01
   4.0772180e+01
   4.0767837e+01
   4.0763607e+01
   4.0759489e+01
   4.0755485e+01
   4.0751594e+01
   4.0747817e+01
   4.0744153e+01
   4.0740603e+01
   4.0737167e+01
   4.0733845e+01
   4.0730637e+01
   4.0727543e+01
   4.0724563e+01
   4.0721697e+01
   4.0718945e+01
   4.0716308e+01
   4.0713784e+01
   4.0711376e+01
   4.0709081e+01
   4.0706900e+01
   4.0704834e+01
   4.0702882e+01
   4.0701044e+01
   4.0699320e+01
   4.0697710e+01
   4.0696214e+01
   4.0694832e+01
   4.0693564e+01
   4.0692410e+01
   4.0691368e+01
   4.0690441e+01
   4.0689626e+01
   4.0688925e+01
   4.0688337e+01
   4.0687861e+01
   4.0687498e+01
   4.0687248e+01
   4.0687110e+01
   4.0687084e+01
   4.0687170e+01
   4.0687367e+01
   4.0687676e+01
   4.0688096e+01
   4.0688627e+01
   4.0689269e+01
   4.0690021e+01
   4.0690883e+01
   4.0691855e+01
   4.0692937e+01
   4.0694127e+01
   4.0695427e+01
   4.0696835e+01
   4.0698352e+01
   4.0699976e+01
   4.0701708e+01
   4.0703547e+01
   4.0705493e+01
   4.0707545e+01
   4.0709704e+01
   4.0711968e+01
   4.0714337e+01
   4.0716811e+01
   4.0719389e+01
   4.0722071e+01
   4.0724857e+01
   4.0727746e+01
   4.0730737e+01
   4.0733831e+01
   4.0737026e+01
   4.0740322e+01
   4.0743719e+01
   4.0747216e+01
   4.0750813e+01
   4.0754508e+01
   4.0758303e+01
   4.0762195e+01
   4.0766185e+01
   4.0770272e+01
   4.0774455e+01
   4.0778734e+01
   4.0783108e+01
   4.0787577e+01
   4.0792140e+01
   4.0796797e+01
   4.0801546e+01
   4.0806387e+01
   4.0811321e+01
   4.0816345e+01
   4.0821459e+01
   4.0826664e+01
   4.0831957e+01
   4.0837339e+01
   4.0842809e+01
   4.0848366e+01
   4.0854010e+01
   4.0859739e+01
   4.0865554e+01
   4.0871454e+01
   4.0877437e+01
   4.0883504e+01
   4.0889653e+01
   4.0895884e+01
   4.0902196e+01
   4.0908588e+01
   4.0915060e+01
   4.0921611e+01
   4.0928240e+01
   4.0934946e+01
   4.0941729e+01
   4.0948589e+01
   4.0955523e+01
   4.0962531e+01
   4.0969614e+01
   4.0976769e+01
   4.0983996e+01
   4.0991294e+01
   4.0998662e+01
   4.1006101e+01
   4.1013608e+01
   4.1021183e+01
   4.1028825e+01
   4.1036533e+01
   4.1044307e+01
   4.1052145e+01
   4.1060047e+01
   4.1068012e+01
   4.1076039e+01
   4.1084127e+01
   4.1092276e+01
   4.1100484e+01
   4.1108751e+01
   4.1117076e+01
   4.1125457e+01
   4.1133895e+01
   4.1142388e+01
   4.1150935e+01
   4.1159536e+01
   4.1168190e+01
   4.1176895e+01
   4.1185651e+01
   4.1194457e+01
   4.1203313e+01
   4.1212217e+01
   4.1221168e+01
   4.1230165e+01
   4.1239209e+01
   4.1248297e+01
   4.1257429e+01
   4.1266604e+01
   4.1275821e+01
   4.1285080e+01
   4.1294378e+01
   4.1303717e+01
   4.1313093e+01
   4.1322507e+01
   4.1331958e+01
   4.1341445e+01
   4.1350966e+01
   4.1360522e+01
   4.1370111e+01
   4.1379732e+01
   4.1389385e+01
   4.1399068e+01
   4.1408780e+01
   4.1418521e+01
   4.1428290e+01
   4.1438086e+01
   4.1447907e+01
   4.1457753e+01
   4.1467624e+01
   4.1477517e+01
   4.1487433e+01
   4.1497370e+01
   4.1507328e+01
   4.1517304e+01
   4.1527300e+01
   4.1537313e+01
   4.1547343e+01
   4.1557389e+01
   4.1567450e+01
   4.1577525e+01
   4.1587613e+01
   4.1597713e+01
   4.1607825e+01
   4.1617948e+01
   4.1628080e+01
   4.1638221e+01
   4.1648369e+01
   4.1658525e+01
   4.1668687e+01
   4.1678854e+01
   4.1689025e+01
   4.1699200e+01
   4.1709377e+01
   4.1719555e+01
   4.1729734e+01
   4.1739913e+01
   4.1750091e+01
   4.1760266e+01
   4.1770439e+01
   4.1780608e+01
   4.1790773e+01
   4.1800932e+01
   4.1811084e+01
   4.1821230e+01
   4.1831367e+01
   4.1841496e+01
   4.1851615e+01
   4.1861723e+01
   4.1871821e+01
   4.1881906e+01
   4.1891978e+01
   4.1902037e+01
   4.1912081e+01
   4.1922111e+01
   4.1932124e+01
   4.1942121e+01
   4.1952100e+01
   4.1962061e+01
   4.1972003e+01
   4.1981925e+01
   4.1991826e+01
   4.2001706e+01
   4.2011563e+01
   4.2021397e+01
   4.2031206e+01
   4.2040991e+01
   4.2050750e+01
   4.2060483e+01
   4.2070189e+01
   4.2079866e+01
   4.2089515e+01
   4.2099134e+01
   4.2108723e+01
   4.2118281e+01
   4.2127808e+01
   4.2137302e+01
   4.2146762e+01
   4.2156189e+01
   4.2165582e+01
   4.2174939e+01
   4.2184260e+01
   4.2193544e+01
   4.2202791e+01
   4.2212000e+01
   4.2221170e+01
   4.2230301e+01
   4.2239391e+01
   4.2248441e+01
   4.2257449e+01
   4.2266416e+01
   4.2275339e+01
   4.2284220e+01
   4.2293056e+01
   4.2301847e+01
   4.2310594e+01
   4.2319294e+01
   4.2327948e+01
   4.2336554e+01
   4.2345113e+01
   4.2353624e+01
   4.2362086e+01
   4.2370498e+01
   4.2378861e+01
   4.2387172e+01
   4.2395433e+01
   4.2403642e+01
   4.2411798e+01
   4.2419902e+01
   4.2427953e+01
   4.2435950e+01
   4.2443892e+01
   4.2451779e+01
   4.2459612e+01
   4.2467388e+01
   4.2475108e+01
   4.2482770e+01
   4.2490376e+01
   4.2497923e+01
   4.2505412e+01
   4.2512842e+01
   4.2520213e+01
   4.2527523e+01
   4.2534774e+01
   4.2541964e+01
   4.2549092e+01
   4.2556159e+01
   4.2563164e+01
   4.2570106e+01
   4.2576986e+01
   4.2583802e+01
   4.2590554e+01
   4.2597242e+01
   4.2603865e+01
   4.2610424e+01
   4.2616917e+01
   4.2623344e+01
   4.2629705e+01
   4.2636000e+01
   4.2642227e+01
   4.2648388e+01
   4.2654481e+01
   4.2660506e+01
   4.2666462e+01
   4.2672351e+01
   4.2678170e+01
   4.2683921e+01
   4.2689602e+01
   4.2695213e+01
   4.2700755e+01
   4.2706226e+01
   4.2711627e+01
   4.2716958e+01
   4.2722218e+01
   4.2727406e+01
   4.2732523e+01
   4.2737569e+01
   4.2742543e+01
   4.2747444e+01
   4.2752274e+01
   4.2757031e+01
   4.2761715e+01
   4.2766326e+01
   4.2770863e+01
   4.2775328e+01
   4.2779718e+01
   4.2784035e+01
   4.2788278e+01
   4.2792446e+01
   4.2796540e+01
   4.2800559e+01
   4.2804503e+01
   4.2808373e+01
   4.2812167e+01
   4.2815887e+01
   4.2819531e+01
   4.2823099e+01
   4.2826592e+01
   4.2830010e+01
   4.2833351e+01
   4.2836617e+01
   4.2839807e+01
   4.2842920e+01
   4.2845958e+01
   4.2848919e+01
   4.2851804e+01
   4.2854613e+01
   4.2857345e+01
   4.2860001e+01
   4.2862581e+01
   4.2865084e+01
   4.2867510e+01
   4.2869860e+01
   4.2872133e+01
   4.2874329e+01
   4.2876449e+01
   4.2878492e+01
   4.2880459e+01
   4.2882349e+01
   4.2884163e+01
   4.2885900e+01
   4.2887561e+01
   4.2889145e+01
   4.2890653e+01
   4.2892084e+01
   4.2893439e+01
   4.2894718e+01
   4.2895921e+01
   4.2897048e+01
   4.2898099e+01
   4.2899074e+01
   4.2899973e+01
   4.2900796e+01
   4.2901544e+01
   4.2902216e+01
   4.2902813e+01
   4.2903335e+01
   4.2903781e+01
   4.2904153e+01
   4.2904449e+01
   4.2904671e+01
   4.2904818e+01
   4.2904891e+01
   4.2904890e+01
   4.2904814e+01
   4.2904664e+01
   4.2904441e+01
   4.2904144e+01
   4.2903774e+01
   4.2903330e+01
   4.2902814e+01
   4.2902224e+01
   4.2901562e+01
   4.2900828e+01
   4.2900021e+01
   4.2899143e+01
   4.2898193e+01
   4.2897171e+01
   4.2896078e+01
   4.2894914e+01
   4.2893680e+01
   4.2892374e+01
   4.2890999e+01
   4.2889554e+01
   4.2888038e+01
   4.2886454e+01
   4.2884800e+01
   4.2883077e+01
   4.2881286e+01
   4.2879426e+01
   4.2877499e+01
   4.2875503e+01
   4.2873441e+01
   4.2871311e+01
   4.2869114e+01
   4.2866851e+01
   4.2864522e+01
   4.2862127e+01
   4.2859667e+01
   4.2857141e+01
   4.2854551e+01
   4.2851896e+01
   4.2849177e+01
   4.2846395e+01
   4.2843549e+01
   4.2840640e+01
   4.2837668e+01
   4.2834634e+01
   4.2831538e+01
   4.2828380e+01
   4.2825161e+01
   4.2821881e+01
   4.2818541e+01
   4.2815141e+01
   4.2811681e+01
   4.2808162e+01
   4.2804584e+01
   4.2800948e+01
   4.2797254e+01
   4.2793503e+01
   4.2789694e+01
   4.2785829e+01
   4.2781907e+01
   4.2777930e+01
   4.2773897e+01
   4.2769810e+01
   4.2765668e+01
   4.2761472e+01
   4.2757222e+01
   4.2752920e+01
   4.2748564e+01
   4.2744157e+01
   4.2739698e+01
   4.2735187e+01
   4.2730626e+01
   4.2726015e+01
   4.2721353e+01
   4.2716643e+01
   4.2711883e+01
   4.2707075e+01
   4.2702219e+01
   4.2697316e+01
   4.2692366e+01
   4.2687369e+01
   4.2682326e+01
   4.2677238e+01
   4.2672105e+01
   4.2666928e+01
   4.2661707e+01
   4.2656442e+01
   4.2651134e+01
   4.2645784e+01
   4.2640392e+01
   4.2634959e+01
   4.2629485e+01
   4.2623970e+01
   4.2618416e+01
   4.2612823e+01
   4.2607190e+01
   4.2601520e+01
   4.2595812e+01
   4.2590067e+01
   4.2584285e+01
   4.2578467e+01
   4.2572614e+01
   4.2566726e+01
   4.2560803e+01
   4.2554846e+01
   4.2548856e+01
   4.2542833e+01
   4.2536778e+01
   4.2530691e+01
   4.2524572e+01
   4.2518423e+01
   4.2512244e+01
   4.2506035e+01
   4.2499797e+01
   4.2493531e+01
   4.2487236e+01
   4.2480913e+01
   4.2474564e+01
   4.2468188e+01
   4.2461786e+01
   4.2455359e+01
   4.2448908e+01
   4.2442432e+01
   4.2435933e+01
   4.2429411e+01
   4.2422867e+01
   4.2416301e+01
   4.2409714e+01
   4.2403106e+01
   4.2396479e+01
   4.2389832e+01
   4.2383166e+01
   4.2376482e+01
   4.2369781e+01
   4.2363063e+01
   4.2356328e+01
   4.2349578e+01
   4.2342812e+01
   4.2336032e+01
   4.2329237e+01
   4.2322429e+01
   4.2315608e+01
   4.2308774e+01
   4.2301928e+01
   4.2295071e+01
   4.2288203e+01
   4.2281325e+01
   4.2274437e+01
   4.2267540e+01
   4.2260635e+01
   4.2253722e+01
   4.2246801e+01
   4.2239874e+01
   4.2232940e+01
   4.2226001e+01
   4.2219057e+01
   4.2212109e+01
   4.2205157e+01
   4.2198201e+01
   4.2191244e+01
   4.2184284e+01
   4.2177322e+01
   4.2170360e+01
   4.2163398e+01
   4.2156435e+01
   4.2149474e+01
   4.2142515e+01
   4.2135557e+01
   4.2128602e+01
   4.2121650e+01
   4.2114701e+01
   4.2107757e+01
   4.2100818e+01
   4.2093883e+01
   4.2086954e+01
   4.2080032e+01
   4.2073116e+01
   4.2066208e+01
   4.2059308e+01
   4.2052416e+01
   4.2045534e+01
   4.2038661e+01
   4.2031798e+01
   4.2024947e+01
   4.2018106e+01
   4.2011278e+01
   4.2004462e+01
   4.1997659e+01
   4.1990870e+01
   4.1984095e+01
   4.1977334e+01
   4.1970589e+01
   4.1963859e+01
   4.1957146e+01
   4.1950450e+01
   4.1943771e+01
   4.1937109e+01
   4.1930467e+01
   4.1923843e+01
   4.1917238e+01
   4.1910653e+01
   4.1904089e+01
   4.1897546e+01
   4.1891024e+01
   4.1884525e+01
   4.1878047e+01
   4.1871593e+01
   4.1865162e+01
   4.1858755e+01
   4.1852372e+01
   4.1846015e+01
   4.1839683e+01
   4.1833377e+01
   4.1827097e+01
   4.1820844e+01
   4.1814618e+01
   4.1808420e+01
   4.1802251e+01
   4.1796110e+01
   4.1789998e+01
   4.1783916e+01
   4.1777864e+01
   4.1771842e+01
   4.1765851e+01
   4.1759892e+01
   4.1753964e+01
   4.1748069e+01
   4.1742206e+01
   4.1736376e+01
   4.1730579e+01
   4.1724817e+01
   4.1719089e+01
   4.1713395e+01
   4.1707737e+01
   4.1702114e+01
   4.1696527e+01
   4.1690977e+01
   4.1685463e+01
   4.1679986e+01
   4.1674547e+01
   4.1669145e+01
   4.1663782e+01
   4.1658458e+01
   4.1653172e+01
   4.1647926e+01
   4.1642719e+01
   4.1637553e+01
   4.1632426e+01
   4.1627341e+01
   4.1622296e+01
   4.1617293e+01
   4.1612332e+01
   4.1607413e+01
   4.1602537e+01
   4.1597703e+01
   4.1592912e+01
   4.1588165e+01
   4.1583462e+01
   4.1578803e+01
   4.1574189e+01
   4.1569619e+01
   4.1565094e+01
   4.1560615e+01
   4.1556182e+01
   4.1551794e+01
   4.1547453e+01
   4.1543158e+01
   4.1538910e+01
   4.1534709e+01
   4.1530556e+01
   4.1526450e+01
   4.1522392e+01
   4.1518382e+01
   4.1514420e+01
   4.1510507e+01
   4.1506643e+01
   4.1502828e+01
   4.1499063e+01
   4.1495346e+01
   4.1491680e+01
   4.1488064e+01
   4.1484497e+01
   4.1480981e+01
   4.1477516e+01
   4.1474102e+01
   4.1470738e+01
   4.1467425e+01
   4.1464164e+01
   4.1460955e+01
   4.1457797e+01
   4.1454690e+01
   4.1451636e+01
   4.1448634e+01
   4.1445684e+01
   4.1442786e+01
   4.1439941e+01
   4.1437149e+01
   4.1434409e+01
   4.1431722e+01
   4.1429089e+01
   4.1426508e+01
   4.1423981e+01
   4.1421507e+01
   4.1419086e+01
   4.1416720e+01
   4.1414407e+01
   4.1412147e+01
   4.1409942e+01
   4.1407791e+01
   4.1405693e+01
   4.1403650e+01
   4.1401661e+01
   4.1399727e+01
   4.1397846e+01
   4.1396020e+01
   4.1394249e+01
   4.1392532e+01
   4.1390869e+01
   4.1389261e+01
   4.1387707e+01
   4.1386208e+01
   4.1384763e+01
   4.1383373e+01
   4.1382037e+01
   4.1380757e+01
   4.1379531e+01
   4.1378359e+01
   4.1377242e+01
   4.1376180e+01
   4.1375172e+01
   4.1374219e+01
   4.1373321e+01
   4.1372477e+01
   4.1371688e+01
   4.1370953e+01
   4.1370272e+01
   4.1369646e+01
   4.1369074e+01
   4.1368557e+01
   4.1368093e+01
   4.1367684e+01
   4.1367329e+01
   4.1367027e+01
   4.1366780e+01
   4.1366586e+01
   4.1366446e+01
   4.1366360e+01
   4.1366327e+01
   4.1366348e+01
   4.1366422e+01
   4.1366549e+01
   4.1366729e+01
   4.1366962e+01
   4.1367248e+01
   4.1367587e+01
   4.1367978e+01
   4.1368422e+01
   4.1368918e+01
   4.1369466e+01
   4.1370065e+01
   4.1370717e+01
   4.1371421e+01
   4.1372175e+01
   4.1372982e+01
   4.1373839e+01
   4.1374747e+01
   4.1375706e+01
   4.1376716e+01
   4.1377776e+01
   4.1378886e+01
   4.1380047e+01
   4.1381257e+01
   4.1382517e+01
   4.1383826e+01
   4.1385184e+01
   4.1386592e+01
   4.1388048e+01
   4.1389552e+01
   4.1391105e+01
   4.1392706e+01
   4.1394355e+01
   4.1396052e+01
   4.1397795e+01
   4.1399586e+01
   4.1401424e+01
   4.1403308e+01
   4.1405239e+01
   4.1407215e+01
   4.1409238e+01
   4.1411306e+01
   4.1413419e+01
   4.1415577e+01
   4.1417780e+01
   4.1420028e+01
   4.1422319e+01
   4.1424654e+01
   4.1427033e+01
   4.1429455e+01
   4.1431920e+01
   4.1434428e+01
   4.1436978e+01
   4.1439570e+01
   4.1442204e+01
   4.1444879e+01
   4.1447595e+01
   4.1450352e+01
   4.1453150e+01
   4.1455988e+01
   4.1458865e+01
   4.1461782e+01
   4.1464739e+01
   4.1467734e+01
   4.1470767e+01
   4.1473839e+01
   4.1476948e+01
   4.1480095e+01
   4.1483279e+01
   4.1486500e+01
   4.1489757e+01
   4.1493050e+01
   4.1496379e+01
   4.1499744e+01
   4.1503143e+01
   4.1506577e+01
   4.1510045e+01
   4.1513547e+01
   4.1517082e+01
   4.1520651e+01
   4.1524252e+01
   4.1527885e+01
   4.1531551e+01
   4.1535248e+01
   4.1538977e+01
   4.1542736e+01
   4.1546526e+01
   4.1550347e+01
   4.1554197e+01
   4.1558076e+01
   4.1561985e+01
   4.1565922e+01
   4.1569888e+01
   4.1573881e+01
   4.1577902e+01
   4.1581951e+01
   4.1586026e+01
   4.1590127e+01
   4.1594255e+01
   4.1598408e+01
   4.1602586e+01
   4.1606789e+01
   4.1611016e+01
   4.1615267e+01
   4.1619541e+01
   4.1623839e+01
   4.1628158e+01
   4.1632500e+01
   4.1636864e+01
   4.1641249e+01
   4.1645654e+01
   4.1650080e+01
   4.1654526e+01
   4.1658992e+01
   4.1663477e+01
   4.1667980e+01
   4.1672502e+01
   4.1677042e+01
   4.1681599e+01
   4.1686173e+01
   4.1690763e+01
   4.1695370e+01
   4.1699992e+01
   4.1704630e+01
   4.1709283e+01
   4.1713949e+01
   4.1718630e+01
   4.1723324e+01
   4.1728032e+01
   4.1732752e+01
   4.1737484e+01
   4.1742228e+01
   4.1746983e+01
   4.1751749e+01
   4.1756526e+01
   4.1761313e+01
   4.1766109e+01
   4.1770915e+01
   4.1775729e+01
   4.1780552e+01
   4.1785383e+01
   4.1790221e+01
   4.1795066e+01
   4.1799918e+01
   4.1804777e+01
   4.1809641e+01
   4.1814510e+01
   4.1819384e+01
   4.1824263e+01
   4.1829146e+01
   4.1834032e+01
   4.1838922e+01
   4.1843815e+01
   4.1848710e+01
   4.1853607e+01
   4.1858506e+01
   4.1863406e+01
   4.1868307e+01
   4.1873208e+01
   4.1878109e+01
   4.1883009e+01
   4.1887909e+01
   4.1892807e+01
   4.1897704e+01
   4.1902598e+01
   4.1907490e+01
   4.1912379e+01
   4.1917265e+01
   4.1922146e+01
   4.1927024e+01
   4.1931897e+01
   4.1936765e+01
   4.1941628e+01
   4.1946485e+01
   4.1951336e+01
   4.1956180e+01
   4.1961018e+01
   4.1965848e+01
   4.1970670e+01
   4.1975485e+01
   4.1980290e+01
   4.1985087e+01
   4.1989875e+01
   4.1994653e+01
   4.1999421e+01
   4.2004178e+01
   4.2008925e+01
   4.2013661e+01
   4.2018385e+01
   4.2023097e+01
   4.2027797e+01
   4.2032484e+01
   4.2037158e+01
   4.2041819e+01
   4.2046467e+01
   4.2051100e+01
   4.2055719e+01
   4.2060323e+01
   4.2064912e+01
   4.2069486e+01
   4.2074044e+01
   4.2078586e+01
   4.2083111e+01
   4.2087620e+01
   4.2092112e+01
   4.2096586e+01
   4.2101042e+01
   4.2105480e+01
   4.2109899e+01
   4.2114300e+01
   4.2118682e+01
   4.2123044e+01
   4.2127386e+01
   4.2131708e+01
   4.2136010e+01
   4.2140292e+01
   4.2144552e+01
   4.2148790e+01
   4.2153008e+01
   4.2157203e+01
   4.2161376e+01
   4.2165526e+01
   4.2169654e+01
   4.2173759e+01
   4.2177840e+01
   4.2181897e+01
   4.2185931e+01
   4.2189940e+01
   4.2193924e+01
   4.2197884e+01
   4.2201819e+01
   4.2205728e+01
   4.2209612e+01
   4.2213470e+01
   4.2217302e+01
   4.2221108e+01
   4.2224887e+01
   4.2228639e+01
   4.2232364e+01
   4.2236062e+01
   4.2239731e+01
   4.2243373e+01
   4.2246987e+01
   4.2250573e+01
   4.2254129e+01
   4.2257657e+01
   4.2261156e+01
   4.2264625e+01
   4.2268065e+01
   4.2271475e+01
   4.2274855e+01
   4.2278205e+01
   4.2281525e+01
   4.2284814e+01
   4.2288072e+01
   4.2291299e+01
   4.2294495e+01
   4.2297659e+01
   4.2300792e+01
   4.2303893e+01
   4.2306962e+01
   4.2309999e+01
   4.2313003e+01
   4.2315975e+01
   4.2318914e+01
   4.2321821e+01
   4.2324695e+01
   4.2327535e+01
   4.2330342e+01
   4.2333116e+01
   4.2335857e+01
   4.2338563e+01
   4.2341236e+01
   4.2343874e+01
   4.2346479e+01
   4.2349049e+01
   4.2351584e+01
   4.2354085e+01
   4.2356551e+01
   4.2358983e+01
   4.2361379e+01
   4.2363740e+01
   4.2366066e+01
   4.2368356e+01
   4.2370611e+01
   4.2372831e+01
   4.2375015e+01
   4.2377163e+01
   4.2379275e+01
   4.2381352e+01
   4.2383392e+01
   4.2385396e+01
   4.2387364e+01
   4.2389296e+01
   4.2391191e+01
   4.2393050e+01
   4.2394872e+01
   4.2396658e+01
   4.2398407e+01
   4.2400119e+01
   4.2401795e+01
   4.2403433e+01
   4.2405035e+01
   4.2406600e+01
   4.2408128e+01
   4.2409618e+01
   4.2411072e+01
   4.2412488e+01
   4.2413868e+01
   4.2415210e+01
   4.2416515e+01
   4.2417782e+01
   4.2419013e+01
   4.2420206e+01
   4.2421361e+01
   4.2422480e+01
   4.2423561e+01
   4.2424605e+01
   4.2425611e+01
   4.2426580e+01
   4.2427512e+01
   4.2428406e+01
   4.2429263e+01
   4.2430083e+01
   4.2430865e+01
   4.2431610e+01
   4.2432318e+01
   4.2432989e+01
   4.2433622e+01
   4.2434218e+01
   4.2434777e+01
   4.2435299e+01
   4.2435784e+01
   4.2436232e+01
   4.2436642e+01
   4.2437016e+01
   4.2437353e+01
   4.2437653e+01
   4.2437916e+01
   4.2438143e+01
   4.2438333e+01
   4.2438486e+01
   4.2438602e+01
   4.2438683e+01
   4.2438726e+01
   4.2438734e+01
   4.2438705e+01
   4.2438640e+01
   4.2438539e+01
   4.2438402e+01
   4.2438229e+01
   4.2438020e+01
   4.2437775e+01
   4.2437495e+01
   4.2437180e+01
   4.2436828e+01
   4.2436442e+01
   4.2436020e+01
   4.2435564e+01
   4.2435072e+01
   4.2434545e+01
   4.2433984e+01
   4.2433388e+01
   4.2432757e+01
   4.2432092e+01
   4.2431393e+01
   4.2430659e+01
   4.2429892e+01
   4.2429091e+01
   4.2428255e+01
   4.2427387e+01
   4.2426484e+01
   4.2425549e+01
   4.2424580e+01
   4.2423578e+01
   4.2422544e+01
   4.2421476e+01
   4.2420376e+01
   4.2419243e+01
   4.2418078e+01
   4.2416881e+01
   4.2415652e+01
   4.2414391e+01
   4.2413099e+01
   4.2411775e+01
   4.2410420e+01
   4.2409033e+01
   4.2407616e+01
   4.2406168e+01
   4.2404690e+01
   4.2403181e+01
   4.2401642e+01
   4.2400073e+01
   4.2398474e+01
   4.2396845e+01
   4.2395188e+01
   4.2393501e+01
   4.2391785e+01
   4.2390040e+01
   4.2388267e+01
   4.2386466e+01
   4.2384636e+01
   4.2382778e+01
   4.2380893e+01
   4.2378980e+01
   4.2377040e+01
   4.2375073e+01
   4.2373079e+01
   4.2371059e+01
   4.2369012e+01
   4.2366938e+01
   4.2364839e+01
   4.2362714e+01
   4.2360564e+01
   4.2358388e+01
   4.2356187e+01
   4.2353962e+01
   4.2351712e+01
   4.2349437e+01
   4.2347139e+01
   4.2344816e+01
   4.2342470e+01
   4.2340101e+01
   4.2337708e+01
   4.2335293e+01
   4.2332855e+01
   4.2330394e+01
   4.2327912e+01
   4.2325407e+01
   4.2322881e+01
   4.2320334e+01
   4.2317765e+01
   4.2315176e+01
   4.2312566e+01
   4.2309935e+01
   4.2307285e+01
   4.2304614e+01
   4.2301924e+01
   4.2299215e+01
   4.2296487e+01
   4.2293740e+01
   4.2290974e+01
   4.2288190e+01
   4.2285388e+01
   4.2282568e+01
   4.2279731e+01
   4.2276877e+01
   4.2274005e+01
   4.2271117e+01
   4.2268213e+01
   4.2265292e+01
   4.2262356e+01
   4.2259404e+01
   4.2256436e+01
   4.2253454e+01
   4.2250456e+01
   4.2247445e+01
   4.2244419e+01
   4.2241379e+01
   4.2238325e+01
   4.2235258e+01
   4.2232178e+01
   4.2229085e+01
   4.2225980e+01
   4.2222862e+01
   4.2219733e+01
   4.2216591e+01
   4.2213439e+01
   4.2210275e+01
   4.2207100e+01
   4.2203915e+01
   4.2200720e+01
   4.2197514e+01
   4.2194299e+01
   4.2191075e+01
   4.2187841e+01
   4.2184598e+01
   4.2181347e+01
   4.2178088e+01
   4.2174821e+01
   4.2171545e+01
   4.2168263e+01
   4.2164973e+01
   4.2161677e+01
   4.2158374e+01
   4.2155064e+01
   4.2151749e+01
   4.2148428e+01
   4.2145102e+01
   4.2141770e+01
   4.2138434e+01
   4.2135093e+01
   4.2131748e+01
   4.2128399e+01
   4.2125046e+01
   4.2121690e+01
   4.2118330e+01
   4.2114968e+01
   4.2111604e+01
   4.2108237e+01
   4.2104868e+01
   4.2101497e+01
   4.2098125e+01
   4.2094752e+01
   4.2091378e+01
   4.2088003e+01
   4.2084629e+01
   4.2081254e+01
   4.2077879e+01
   4.2074505e+01
   4.2071132e+01
   4.2067759e+01
   4.2064388e+01
   4.2061019e+01
   4.2057651e+01
   4.2054286e+01
   4.2050923e+01
   4.2047563e+01
   4.2044205e+01
   4.2040851e+01
   4.2037500e+01
   4.2034153e+01
   4.2030810e+01
   4.2027471e+01
   4.2024137e+01
   4.2020807e+01
   4.2017483e+01
   4.2014164e+01
   4.2010851e+01
   4.2007543e+01
   4.2004242e+01
   4.2000947e+01
   4.1997659e+01
   4.1994377e+01
   4.1991103e+01
   4.1987837e+01
   4.1984578e+01
   4.1981327e+01
   4.1978084e+01
   4.1974850e+01
   4.1971624e+01
   4.1968407e+01
   4.1965200e+01
   4.1962002e+01
   4.1958814e+01
   4.1955636e+01
   4.1952468e+01
   4.1949310e+01
   4.1946163e+01
   4.1943027e+01
   4.1939903e+01
   4.1936789e+01
   4.1933687e+01
   4.1930597e+01
   4.1927520e+01
   4.1924454e+01
   4.1921401e+01
   4.1918361e+01
   4.1915333e+01
   4.1912319e+01
   4.1909319e+01
   4.1906332e+01
   4.1903359e+01
   4.1900400e+01
   4.1897455e+01
   4.1894526e+01
   4.1891610e+01
   4.1888710e+01
   4.1885825e+01
   4.1882956e+01
   4.1880102e+01
   4.1877264e+01
   4.1874442e+01
   4.1871636e+01
   4.1868846e+01
   4.1866073e+01
   4.1863317e+01
   4.1860578e+01
   4.1857856e+01
   4.1855151e+01
   4.1852464e+01
   4.1849795e+01
   4.1847143e+01
   4.1844510e+01
   4.1841895e+01
   4.1839299e+01
   4.1836721e+01
   4.1834162e+01
   4.1831622e+01
   4.1829101e+01
   4.1826600e+01
   4.1824118e+01
   4.1821656e+01
   4.1819213e+01
   4.1816791e+01
   4.1814388e+01
   4.1812007e+01
   4.1809645e+01
   4.1807305e+01
   4.1804985e+01
   4.1802686e+01
   4.1800408e+01
   4.1798152e+01
   4.1795917e+01
   4.1793703e+01
   4.1791511e+01
   4.1789341e+01
   4.1787193e+01
   4.1785067e+01
   4.1782964e+01
   4.1780883e+01
   4.1778824e+01
   4.1776788e+01
   4.1774774e+01
   4.1772784e+01
   4.1770816e+01
   4.1768872e+01
   4.1766950e+01
   4.1765052e+01
   4.1763178e+01
   4.1761326e+01
   4.1759499e+01
   4.1757695e+01
   4.1755915e+01
   4.1754158e+01
   4.1752426e+01
   4.1750718e+01
   4.1749034e+01
   4.1747375e+01
   4.1745740e+01
   4.1744129e+01
   4.1742543e+01
   4.1740982e+01
   4.1739446e+01
   4.1737934e+01
   4.1736448e+01
   4.1734986e+01
   4.1733550e+01
   4.1732139e+01
   4.1730753e+01
   4.1729393e+01
   4.1728057e+01
   4.1726748e+01
   4.1725464e+01
   4.1724205e+01
   4.1722972e+01
   4.1721765e+01
   4.1720583e+01
   4.1719428e+01
   4.1718298e+01
   4.1717193e+01
   4.1716115e+01
   4.1715063e+01
   4.1714037e+01
   4.1713037e+01
   4.1712062e+01
   4.1711114e+01
   4.1710192e+01
   4.1709296e+01
   4.1708426e+01
   4.1707583e+01
   4.1706765e+01
   4.1705974e+01
   4.1705209e+01
   4.1704470e+01
   4.1703758e+01
   4.1703071e+01
   4.1702411e+01
   4.1701777e+01
   4.1701170e+01
   4.1700588e+01
   4.1700033e+01
   4.1699504e+01
   4.1699002e+01
   4.1698525e+01
   4.1698075e+01
   4.1697651e+01
   4.1697253e+01
   4.1696882e+01
   4.1696536e+01
   4.1696217e+01
   4.1695923e+01
   4.1695656e+01
   4.1695415e+01
   4.1695200e+01
   4.1695010e+01
   4.1694847e+01
   4.1694709e+01
   4.1694598e+01
   4.1694512e+01
   4.1694451e+01
   4.1694417e+01
   4.1694408e+01
   4.1694425e+01
   4.1694467e+01
   4.1694535e+01
   4.1694628e+01
   4.1694747e+01
   4.1694890e+01
   4.1695060e+01
   4.1695254e+01
   4.1695473e+01
   4.1695718e+01
   4.1695987e+01
   4.1696281e+01
   4.1696600e+01
   4.1696944e+01
   4.1697312e+01
   4.1697705e+01
   4.1698123e+01
   4.1698565e+01
   4.1699031e+01
   4.1699521e+01
   4.1700036e+01
   4.1700575e+01
   4.1701137e+01
   4.1701724e+01
   4.1702334e+01
   4.1702967e+01
   4.1703625e+01
   4.1704305e+01
   4.1705010e+01
   4.1705737e+01
   4.1706487e+01
   4.1707261e+01
   4.1708057e+01
   4.1708876e+01
   4.1709718e+01
   4.1710582e+01
   4.1711469e+01
   4.1712377e+01
   4.1713309e+01
   4.1714262e+01
   4.1715237e+01
   4.1716234e+01
   4.1717252e+01
   4.1718292e+01
   4.1719354e+01
   4.1720436e+01
   4.1721540e+01
   4.1722665e+01
   4.1723811e+01
   4.1724977e+01
   4.1726165e+01
   4.1727372e+01
   4.1728600e+01
   4.1729848e+01
   4.1731116e+01
   4.1732404e+01
   4.1733711e+01
   4.1735038e+01
   4.1736385e+01
   4.1737750e+01
   4.1739135e+01
   4.1740539e+01
   4.1741961e+01
   4.1743402e+01
   4.1744862e+01
   4.1746340e+01
   4.1747835e+01
   4.1749349e+01
   4.1750881e+01
   4.1752430e+01
   4.1753997e+01
   4.1755581e+01
   4.1757182e+01
   4.1758799e+01
   4.1760434e+01
   4.1762085e+01
   4.1763753e+01
   4.1765437e+01
   4.1767137e+01
   4.1768852e+01
   4.1770584e+01
   4.1772331e+01
   4.1774093e+01
   4.1775871e+01
   4.1777663e+01
   4.1779470e+01
