0.0943799	0.274276	-0.631344	20
0.116837	0.269965	-0.613198	21
0.143709	0.265512	-0.590779	22
0.176763	0.260915	-0.562322	23
0.217418	0.256176	-0.526406	24
0.267424	0.251294	-0.481282	25
0.328932	0.246269	-0.424799	26
0.404586	0.241101	-0.354313	27
0.421987	0.235791	-0.342223	28
0.440135	0.230337	-0.329527	29
0.459065	0.224741	-0.316194	30
0.478808	0.219002	-0.30219	31
0.499401	0.21312	-0.287479	32
0.520879	0.207096	-0.272025	33
0.543281	0.200928	-0.255791	34
0.548434	0.194618	-0.256948	35
0.553635	0.188165	-0.2582	36
0.558886	0.181569	-0.259545	37
0.564186	0.17483	-0.260984	38
0.569537	0.167948	-0.262515	39
0.574939	0.160924	-0.264137	40
0.580391	0.153757	-0.265852	41
