0.749043	0.260915	0.0099586	23
0.779017	0.256176	0.0351925	24
0.810176	0.251294	0.06147	25
0.842583	0.246269	0.088852	26
0.876287	0.241101	0.117388	27
0.911338	0.235791	0.147129	28
0.947791	0.230337	0.178129	29
0.985703	0.224741	0.210444	30
0.987219	0.219002	0.206221	31
0.988738	0.21312	0.201858	32
0.990259	0.207096	0.197354	33
0.991782	0.200928	0.19271	34
0.993308	0.194618	0.187926	35
0.994836	0.188165	0.183001	36
0.996367	0.181569	0.177935	37
0.996428	0.17483	0.171258	38
0.996489	0.167948	0.164437	39
0.99655	0.160924	0.157474	40
0.996611	0.153757	0.150368	41
0.996673	0.146447	0.14312	42
0.996734	0.138994	0.135728	43
0.996795	0.131398	0.128193	44
