0.143686	0.260915	-0.595398	23
0.177108	0.256176	-0.566717	24
0.217801	0.251294	-0.530905	25
0.267881	0.246269	-0.48585	26
0.329489	0.241101	-0.42941	27
0.405269	0.235791	-0.35894	28
0.49848	0.230337	-0.271182	29
0.61313	0.224741	-0.162129	30
0.639365	0.219002	-0.141633	31
0.666813	0.21312	-0.120067	32
0.695473	0.207096	-0.0974318	33
0.725377	0.200928	-0.0736952	34
0.756571	0.194618	-0.0488109	35
0.789109	0.188165	-0.0227263	36
0.823047	0.181569	0.00461553	37
0.830808	0.17483	0.00563799	38
0.838671	0.167948	0.00661918	39
0.846619	0.160924	0.00754251	40
0.854646	0.153757	0.00840231	41
0.86275	0.146447	0.00919686	42
0.870932	0.138994	0.00992598	43
0.879192	0.131398	0.0105901	44
