0.156537	0.246269	-0.597195	26
0.192776	0.241101	-0.566123	27
0.237053	0.235791	-0.527156	28
0.291554	0.230337	-0.478109	29
0.358604	0.224741	-0.416655	30
0.44108	0.219002	-0.339918	31
0.542527	0.21312	-0.244353	32
0.667308	0.207096	-0.125597	33
0.695808	0.200928	-0.103264	34
0.725659	0.194618	-0.079723	35
0.756841	0.188165	-0.0549943	36
0.789381	0.181569	-0.0290501	37
0.823327	0.17483	-0.00184284	38
0.858736	0.167948	0.0266839	39
0.895668	0.160924	0.0565915	40
0.904096	0.153757	0.0578532	41
0.912646	0.146447	0.059093	42
0.921292	0.138994	0.0602864	43
0.930027	0.131398	0.0614248	44
0.938846	0.12366	0.0625054	45
0.947749	0.115778	0.0635276	46
0.956737	0.107754	0.0644917	47
